# Exported from Wings 3D 0.99.06
mtllib cube.mtl
o cube
#96 vertices, 112 faces
v -1.00676059 0.47665161 1.05419881
v 0.39363309 -0.28693203 1.45424268
v 1.23498956 0.75765649 0.50284809
v -0.16540412 1.52124013 0.10280422
v 0.28238862 -0.50957679 1.41869198
v -1.11800506 0.25400685 1.01864811
v -1.30565999 -0.76086870 -0.26159045
v 9.4733686e-2 -1.52445234 0.13845342
v -1.17844152 0.44948492 0.87254665
v -0.33708505 1.49407344 -7.8847934e-2
v -0.52473998 0.47919789 -1.35908650
v -1.36609645 -0.56539063 -0.40769191
v 0.16540412 -1.52124013 -0.10280422
v -1.23498956 -0.75765649 -0.50284809
v -0.39363309 0.28693203 -1.45424268
v 1.00676059 -0.47665161 -1.05419881
v -9.4733686e-2 1.52445234 -0.13845342
v 1.30565999 0.76086870 0.26159045
v 1.11800506 -0.25400685 -1.01864811
v -0.28238862 0.50957679 -1.41869198
v 1.36609645 0.56539063 0.40769191
v 0.52473998 -0.47919789 1.35908650
v 0.33708505 -1.49407344 7.8847934e-2
v 1.17844152 -0.44948492 -0.87254665
v -0.85156489 1.31598112 2.11299070
v 0.54882879 0.55239748 2.51303457
v 1.39018526 1.59698600 1.56163998
v -1.0208422e-2 2.36056964 1.16159611
v 0.60109085 2.38835528 -0.92528245
v 2.00148453 1.62477164 -0.52523858
v 1.81382960 0.60989609 -1.80547714
v 0.41343592 1.37347973 -2.20552102
v 2.52425987 -6.6113677e-2 0.73853900
v 1.68290341 -1.11070219 1.68993359
v 1.49524847 -2.12557775 0.40969503
v 2.33660494 -1.08098923 -0.54169956
v -2.33660494 1.08098923 0.54169956
v -1.49524847 2.12557775 -0.40969503
v -1.68290341 1.11070219 -1.68993359
v -2.52425987 6.6113677e-2 -0.73853900
v 1.0208422e-2 -2.36056964 -1.16159611
v -1.39018526 -1.59698600 -1.56163998
v -0.54882879 -0.55239748 -2.51303457
v 0.85156489 -1.31598112 -2.11299070
v -0.41343592 -1.37347973 2.20552102
v -1.81382960 -0.60989609 1.80547714
v -2.00148453 -1.62477164 0.52523858
v -0.60109085 -2.38835528 0.92528245
v -0.73070170 0.45887248 0.91621625
v 0.31240235 -0.10989415 1.21419488
v 0.93909922 0.66818314 0.50553448
v -0.10400483 1.23694976 0.20755585
v 0.12426258 -0.48643721 1.15407054
v -0.91884147 8.2329420e-2 0.85609192
v -1.05861904 -0.67361572 -9.7512806e-2
v -1.5514989e-2 -1.24238235 0.20046582
v -1.02105330 0.41292741 0.60900105
v -0.39435643 1.19100469 -9.9659355e-2
v -0.53413399 0.43505955 -1.05326408
v -1.16083086 -0.34301773 -0.34460368
v 0.10400483 -1.23694976 -0.20755585
v -0.93909922 -0.66818314 -0.50553448
v -0.31240235 0.10989415 -1.21419488
v 0.73070170 -0.45887248 -0.91621625
v 1.5514989e-2 1.24238235 -0.20046582
v 1.05861904 0.67361572 9.7512806e-2
v 0.91884147 -8.2329420e-2 -0.85609192
v -0.12426258 0.48643721 -1.15407054
v 1.16083086 0.34301773 0.34460368
v 0.53413399 -0.43505955 1.05326408
v 0.39435643 -1.19100469 9.9659355e-2
v 1.02105330 -0.41292741 -0.60900105
v -0.56559027 1.35182823 2.04265623
v 0.47751378 0.78306161 2.34063485
v 1.10421064 1.56113889 1.63197445
v 6.1106596e-2 2.12990552 1.33399583
v 0.75579698 2.16148156 -1.03756675
v 1.79890103 1.59271494 -0.73958813
v 1.65912347 0.83676980 -1.69319285
v 0.61601942 1.40553642 -1.99117147
v 2.39299139 -0.32883450 0.69658917
v 1.76629452 -1.10691178 1.40524958
v 1.62651695 -1.86285692 0.45164485
v 2.25321382 -1.08477964 -0.25701555
v -2.25321382 1.08477964 0.25701555
v -1.62651695 1.86285692 -0.45164485
v -1.76629452 1.10691178 -1.40524958
v -2.39299139 0.32883450 -0.69658917
v -6.1106596e-2 -2.12990552 -1.33399583
v -1.10421064 -1.56113889 -1.63197445
v -0.47751378 -0.78306161 -2.34063485
v 0.56559027 -1.35182823 -2.04265623
v -0.61601942 -1.40553642 1.99117147
v -1.65912347 -0.83676980 1.69319285
v -1.79890103 -1.59271494 0.73958813
v -0.75579698 -2.16148156 1.03756675
vn -0.72117512 0.25765567 0.64305521
vn -0.28108994 -1.2776497e-2 0.95959638
vn -0.52147447 0.76473277 0.37848140
vn -0.51163569 -0.63522275 0.57855076
vn -0.85159075 0.46434140 -0.24326992
vn 0.26215718 -0.27851960 0.92395912
vn 0.68285672 0.10805486 0.72251702
vn -0.28108994 -1.2776497e-2 0.95959638
vn -0.51163569 -0.63522275 0.57855076
vn 0.85159075 -0.46434140 0.24326992
vn 0.85294318 0.45497245 0.25590624
vn 0.68285672 0.10805486 0.72251702
vn 0.44247219 0.88556413 0.14140204
vn 0.85159075 -0.46434140 0.24326992
vn 0.51163569 0.63522275 -0.57855076
vn -0.13038912 0.99114772 -2.4997670e-2
vn -0.52147447 0.76473277 0.37848140
vn 0.44247219 0.88556413 0.14140204
vn 0.51163569 0.63522275 -0.57855076
vn -0.85159075 0.46434140 -0.24326992
vn 0.26215718 -0.27851960 0.92395912
vn -0.28108994 -1.2776497e-2 0.95959638
vn 0.24038453 -0.77750927 0.58111498
vn 0.11411449 0.61715405 0.77852345
vn 0.85159075 -0.46434140 0.24326992
vn -0.72117512 0.25765567 0.64305521
vn -0.96394666 -0.12083136 0.23707936
vn -0.28108994 -1.2776497e-2 0.95959638
vn 0.11411449 0.61715405 0.77852345
vn -0.85159075 0.46434140 -0.24326992
vn -0.96394666 -0.12083136 0.23707936
vn -0.85294318 -0.45497245 -0.25590624
vn -0.44247219 -0.88556413 -0.14140204
vn -0.85159075 0.46434140 -0.24326992
vn -0.11411449 -0.61715405 -0.77852345
vn 0.13038912 -0.99114772 2.4997670e-2
vn 0.24038453 -0.77750927 0.58111498
vn -0.44247219 -0.88556413 -0.14140204
vn -0.11411449 -0.61715405 -0.77852345
vn 0.85159075 -0.46434140 0.24326992
vn -0.72117512 0.25765567 0.64305521
vn -0.96394666 -0.12083136 0.23707936
vn -0.52147447 0.76473277 0.37848140
vn 0.11411449 0.61715405 0.77852345
vn -0.51163569 -0.63522275 0.57855076
vn -0.13038912 0.99114772 -2.4997670e-2
vn -0.24038453 0.77750927 -0.58111498
vn -0.52147447 0.76473277 0.37848140
vn 0.11411449 0.61715405 0.77852345
vn 0.51163569 0.63522275 -0.57855076
vn -0.26215718 0.27851960 -0.92395912
vn -0.24038453 0.77750927 -0.58111498
vn -0.68285672 -0.10805486 -0.72251702
vn 0.51163569 0.63522275 -0.57855076
vn -0.11411449 -0.61715405 -0.77852345
vn -0.96394666 -0.12083136 0.23707936
vn -0.85294318 -0.45497245 -0.25590624
vn -0.68285672 -0.10805486 -0.72251702
vn -0.11411449 -0.61715405 -0.77852345
vn -0.51163569 -0.63522275 0.57855076
vn 0.13038912 -0.99114772 2.4997670e-2
vn -0.44247219 -0.88556413 -0.14140204
vn 0.52147447 -0.76473277 -0.37848140
vn -0.51163569 -0.63522275 0.57855076
vn 0.85159075 -0.46434140 0.24326992
vn -0.85294318 -0.45497245 -0.25590624
vn -0.44247219 -0.88556413 -0.14140204
vn -0.68285672 -0.10805486 -0.72251702
vn -0.51163569 -0.63522275 0.57855076
vn -0.85159075 0.46434140 -0.24326992
vn -0.26215718 0.27851960 -0.92395912
vn 0.28108994 1.2776497e-2 -0.95959638
vn -0.68285672 -0.10805486 -0.72251702
vn -0.85159075 0.46434140 -0.24326992
vn 0.51163569 0.63522275 -0.57855076
vn 0.28108994 1.2776497e-2 -0.95959638
vn 0.72117512 -0.25765567 -0.64305521
vn 0.52147447 -0.76473277 -0.37848140
vn 0.51163569 0.63522275 -0.57855076
vn 0.85159075 -0.46434140 0.24326992
vn -0.13038912 0.99114772 -2.4997670e-2
vn -0.24038453 0.77750927 -0.58111498
vn 0.44247219 0.88556413 0.14140204
vn 0.11411449 0.61715405 0.77852345
vn -0.85159075 0.46434140 -0.24326992
vn 0.85294318 0.45497245 0.25590624
vn 0.96394666 0.12083136 -0.23707936
vn 0.44247219 0.88556413 0.14140204
vn 0.11411449 0.61715405 0.77852345
vn 0.85159075 -0.46434140 0.24326992
vn 0.96394666 0.12083136 -0.23707936
vn 0.28108994 1.2776497e-2 -0.95959638
vn 0.72117512 -0.25765567 -0.64305521
vn 0.85159075 -0.46434140 0.24326992
vn -0.11411449 -0.61715405 -0.77852345
vn -0.26215718 0.27851960 -0.92395912
vn -0.24038453 0.77750927 -0.58111498
vn 0.28108994 1.2776497e-2 -0.95959638
vn -0.11411449 -0.61715405 -0.77852345
vn -0.85159075 0.46434140 -0.24326992
vn 0.85294318 0.45497245 0.25590624
vn 0.68285672 0.10805486 0.72251702
vn 0.96394666 0.12083136 -0.23707936
vn 0.11411449 0.61715405 0.77852345
vn 0.51163569 0.63522275 -0.57855076
vn 0.26215718 -0.27851960 0.92395912
vn 0.68285672 0.10805486 0.72251702
vn 0.24038453 -0.77750927 0.58111498
vn 0.11411449 0.61715405 0.77852345
vn -0.51163569 -0.63522275 0.57855076
vn 0.13038912 -0.99114772 2.4997670e-2
vn 0.24038453 -0.77750927 0.58111498
vn 0.52147447 -0.76473277 -0.37848140
vn -0.51163569 -0.63522275 0.57855076
vn -0.11411449 -0.61715405 -0.77852345
vn 0.96394666 0.12083136 -0.23707936
vn 0.72117512 -0.25765567 -0.64305521
vn 0.52147447 -0.76473277 -0.37848140
vn -0.11411449 -0.61715405 -0.77852345
vn 0.51163569 0.63522275 -0.57855076
vn -0.51163569 -0.63522275 0.57855076
vn -0.85159075 0.46434140 -0.24326992
vn 0.11411449 0.61715405 0.77852345
vn 0.11411449 0.61715405 0.77852345
vn -0.51163569 -0.63522275 0.57855076
vn 0.85159075 -0.46434140 0.24326992
vn 0.11411449 0.61715405 0.77852345
vn 0.11411449 0.61715405 0.77852345
vn 0.85159075 -0.46434140 0.24326992
vn 0.51163569 0.63522275 -0.57855076
vn 0.11411449 0.61715405 0.77852345
vn 0.11411449 0.61715405 0.77852345
vn 0.51163569 0.63522275 -0.57855076
vn -0.85159075 0.46434140 -0.24326992
vn 0.11411449 0.61715405 0.77852345
vn 0.11411449 0.61715405 0.77852345
vn 0.11411449 0.61715405 0.77852345
vn -0.85159075 0.46434140 -0.24326992
vn 0.51163569 0.63522275 -0.57855076
vn 0.51163569 0.63522275 -0.57855076
vn 0.11411449 0.61715405 0.77852345
vn 0.85159075 -0.46434140 0.24326992
vn 0.51163569 0.63522275 -0.57855076
vn 0.51163569 0.63522275 -0.57855076
vn 0.85159075 -0.46434140 0.24326992
vn -0.11411449 -0.61715405 -0.77852345
vn 0.51163569 0.63522275 -0.57855076
vn 0.51163569 0.63522275 -0.57855076
vn -0.11411449 -0.61715405 -0.77852345
vn -0.85159075 0.46434140 -0.24326992
vn 0.51163569 0.63522275 -0.57855076
vn 0.51163569 0.63522275 -0.57855076
vn 0.11411449 0.61715405 0.77852345
vn 0.51163569 0.63522275 -0.57855076
vn 0.85159075 -0.46434140 0.24326992
vn 0.85159075 -0.46434140 0.24326992
vn 0.11411449 0.61715405 0.77852345
vn -0.51163569 -0.63522275 0.57855076
vn 0.85159075 -0.46434140 0.24326992
vn 0.85159075 -0.46434140 0.24326992
vn -0.51163569 -0.63522275 0.57855076
vn -0.11411449 -0.61715405 -0.77852345
vn 0.85159075 -0.46434140 0.24326992
vn 0.85159075 -0.46434140 0.24326992
vn -0.11411449 -0.61715405 -0.77852345
vn 0.51163569 0.63522275 -0.57855076
vn 0.85159075 -0.46434140 0.24326992
vn 0.85159075 -0.46434140 0.24326992
vn 0.11411449 0.61715405 0.77852345
vn -0.51163569 -0.63522275 0.57855076
vn -0.85159075 0.46434140 -0.24326992
vn -0.85159075 0.46434140 -0.24326992
vn 0.11411449 0.61715405 0.77852345
vn 0.51163569 0.63522275 -0.57855076
vn -0.85159075 0.46434140 -0.24326992
vn -0.85159075 0.46434140 -0.24326992
vn 0.51163569 0.63522275 -0.57855076
vn -0.11411449 -0.61715405 -0.77852345
vn -0.85159075 0.46434140 -0.24326992
vn -0.85159075 0.46434140 -0.24326992
vn -0.11411449 -0.61715405 -0.77852345
vn -0.51163569 -0.63522275 0.57855076
vn -0.85159075 0.46434140 -0.24326992
vn -0.85159075 0.46434140 -0.24326992
vn -0.51163569 -0.63522275 0.57855076
vn 0.85159075 -0.46434140 0.24326992
vn -0.11411449 -0.61715405 -0.77852345
vn -0.11411449 -0.61715405 -0.77852345
vn -0.51163569 -0.63522275 0.57855076
vn -0.85159075 0.46434140 -0.24326992
vn -0.11411449 -0.61715405 -0.77852345
vn -0.11411449 -0.61715405 -0.77852345
vn -0.85159075 0.46434140 -0.24326992
vn 0.51163569 0.63522275 -0.57855076
vn -0.11411449 -0.61715405 -0.77852345
vn -0.11411449 -0.61715405 -0.77852345
vn 0.51163569 0.63522275 -0.57855076
vn 0.85159075 -0.46434140 0.24326992
vn -0.11411449 -0.61715405 -0.77852345
vn -0.11411449 -0.61715405 -0.77852345
vn 0.11411449 0.61715405 0.77852345
vn 0.85159075 -0.46434140 0.24326992
vn -0.51163569 -0.63522275 0.57855076
vn -0.51163569 -0.63522275 0.57855076
vn 0.11411449 0.61715405 0.77852345
vn -0.85159075 0.46434140 -0.24326992
vn -0.51163569 -0.63522275 0.57855076
vn -0.51163569 -0.63522275 0.57855076
vn -0.85159075 0.46434140 -0.24326992
vn -0.11411449 -0.61715405 -0.77852345
vn -0.51163569 -0.63522275 0.57855076
vn -0.51163569 -0.63522275 0.57855076
vn -0.11411449 -0.61715405 -0.77852345
vn 0.85159075 -0.46434140 0.24326992
vn -0.51163569 -0.63522275 0.57855076
vn -0.51163569 -0.63522275 0.57855076
vn 0.72117512 -0.25765567 -0.64305521
vn 0.28108994 1.2776497e-2 -0.95959638
vn 0.52147447 -0.76473277 -0.37848140
vn 0.51163569 0.63522275 -0.57855076
vn 0.85159075 -0.46434140 0.24326992
vn -0.26215718 0.27851960 -0.92395912
vn -0.68285672 -0.10805486 -0.72251702
vn 0.28108994 1.2776497e-2 -0.95959638
vn 0.51163569 0.63522275 -0.57855076
vn -0.85159075 0.46434140 -0.24326992
vn -0.85294318 -0.45497245 -0.25590624
vn -0.68285672 -0.10805486 -0.72251702
vn -0.44247219 -0.88556413 -0.14140204
vn -0.85159075 0.46434140 -0.24326992
vn -0.51163569 -0.63522275 0.57855076
vn 0.13038912 -0.99114772 2.4997670e-2
vn 0.52147447 -0.76473277 -0.37848140
vn -0.44247219 -0.88556413 -0.14140204
vn -0.51163569 -0.63522275 0.57855076
vn 0.85159075 -0.46434140 0.24326992
vn -0.26215718 0.27851960 -0.92395912
vn 0.28108994 1.2776497e-2 -0.95959638
vn -0.24038453 0.77750927 -0.58111498
vn -0.11411449 -0.61715405 -0.77852345
vn -0.85159075 0.46434140 -0.24326992
vn 0.72117512 -0.25765567 -0.64305521
vn 0.96394666 0.12083136 -0.23707936
vn 0.28108994 1.2776497e-2 -0.95959638
vn -0.11411449 -0.61715405 -0.77852345
vn 0.85159075 -0.46434140 0.24326992
vn 0.96394666 0.12083136 -0.23707936
vn 0.85294318 0.45497245 0.25590624
vn 0.44247219 0.88556413 0.14140204
vn 0.85159075 -0.46434140 0.24326992
vn 0.11411449 0.61715405 0.77852345
vn -0.13038912 0.99114772 -2.4997670e-2
vn -0.24038453 0.77750927 -0.58111498
vn 0.44247219 0.88556413 0.14140204
vn 0.11411449 0.61715405 0.77852345
vn -0.85159075 0.46434140 -0.24326992
vn 0.72117512 -0.25765567 -0.64305521
vn 0.96394666 0.12083136 -0.23707936
vn 0.52147447 -0.76473277 -0.37848140
vn -0.11411449 -0.61715405 -0.77852345
vn 0.51163569 0.63522275 -0.57855076
vn 0.13038912 -0.99114772 2.4997670e-2
vn 0.24038453 -0.77750927 0.58111498
vn 0.52147447 -0.76473277 -0.37848140
vn -0.11411449 -0.61715405 -0.77852345
vn -0.51163569 -0.63522275 0.57855076
vn 0.26215718 -0.27851960 0.92395912
vn 0.24038453 -0.77750927 0.58111498
vn 0.68285672 0.10805486 0.72251702
vn -0.51163569 -0.63522275 0.57855076
vn 0.11411449 0.61715405 0.77852345
vn 0.96394666 0.12083136 -0.23707936
vn 0.85294318 0.45497245 0.25590624
vn 0.68285672 0.10805486 0.72251702
vn 0.11411449 0.61715405 0.77852345
vn 0.51163569 0.63522275 -0.57855076
vn -0.13038912 0.99114772 -2.4997670e-2
vn 0.44247219 0.88556413 0.14140204
vn -0.52147447 0.76473277 0.37848140
vn 0.51163569 0.63522275 -0.57855076
vn -0.85159075 0.46434140 -0.24326992
vn 0.85294318 0.45497245 0.25590624
vn 0.44247219 0.88556413 0.14140204
vn 0.68285672 0.10805486 0.72251702
vn 0.51163569 0.63522275 -0.57855076
vn 0.85159075 -0.46434140 0.24326992
vn 0.26215718 -0.27851960 0.92395912
vn -0.28108994 -1.2776497e-2 0.95959638
vn 0.68285672 0.10805486 0.72251702
vn 0.85159075 -0.46434140 0.24326992
vn -0.51163569 -0.63522275 0.57855076
vn -0.28108994 -1.2776497e-2 0.95959638
vn -0.72117512 0.25765567 0.64305521
vn -0.52147447 0.76473277 0.37848140
vn -0.51163569 -0.63522275 0.57855076
vn -0.85159075 0.46434140 -0.24326992
vn 0.13038912 -0.99114772 2.4997670e-2
vn 0.24038453 -0.77750927 0.58111498
vn -0.44247219 -0.88556413 -0.14140204
vn -0.11411449 -0.61715405 -0.77852345
vn 0.85159075 -0.46434140 0.24326992
vn -0.85294318 -0.45497245 -0.25590624
vn -0.96394666 -0.12083136 0.23707936
vn -0.44247219 -0.88556413 -0.14140204
vn -0.11411449 -0.61715405 -0.77852345
vn -0.85159075 0.46434140 -0.24326992
vn -0.96394666 -0.12083136 0.23707936
vn -0.28108994 -1.2776497e-2 0.95959638
vn -0.72117512 0.25765567 0.64305521
vn -0.85159075 0.46434140 -0.24326992
vn 0.11411449 0.61715405 0.77852345
vn 0.26215718 -0.27851960 0.92395912
vn 0.24038453 -0.77750927 0.58111498
vn -0.28108994 -1.2776497e-2 0.95959638
vn 0.11411449 0.61715405 0.77852345
vn 0.85159075 -0.46434140 0.24326992
vn -0.85294318 -0.45497245 -0.25590624
vn -0.68285672 -0.10805486 -0.72251702
vn -0.96394666 -0.12083136 0.23707936
vn -0.11411449 -0.61715405 -0.77852345
vn -0.51163569 -0.63522275 0.57855076
vn -0.26215718 0.27851960 -0.92395912
vn -0.68285672 -0.10805486 -0.72251702
vn -0.24038453 0.77750927 -0.58111498
vn -0.11411449 -0.61715405 -0.77852345
vn 0.51163569 0.63522275 -0.57855076
vn -0.13038912 0.99114772 -2.4997670e-2
vn -0.24038453 0.77750927 -0.58111498
vn -0.52147447 0.76473277 0.37848140
vn 0.51163569 0.63522275 -0.57855076
vn 0.11411449 0.61715405 0.77852345
vn -0.96394666 -0.12083136 0.23707936
vn -0.72117512 0.25765567 0.64305521
vn -0.52147447 0.76473277 0.37848140
vn 0.11411449 0.61715405 0.77852345
vn -0.51163569 -0.63522275 0.57855076
vn 0.51163569 0.63522275 -0.57855076
vn 0.85159075 -0.46434140 0.24326992
vn 0.11411449 0.61715405 0.77852345
vn 0.11411449 0.61715405 0.77852345
vn 0.51163569 0.63522275 -0.57855076
vn -0.85159075 0.46434140 -0.24326992
vn 0.11411449 0.61715405 0.77852345
vn 0.11411449 0.61715405 0.77852345
vn -0.85159075 0.46434140 -0.24326992
vn -0.51163569 -0.63522275 0.57855076
vn 0.11411449 0.61715405 0.77852345
vn 0.11411449 0.61715405 0.77852345
vn -0.51163569 -0.63522275 0.57855076
vn 0.85159075 -0.46434140 0.24326992
vn 0.11411449 0.61715405 0.77852345
vn 0.11411449 0.61715405 0.77852345
vn -0.11411449 -0.61715405 -0.77852345
vn 0.85159075 -0.46434140 0.24326992
vn 0.51163569 0.63522275 -0.57855076
vn 0.51163569 0.63522275 -0.57855076
vn -0.11411449 -0.61715405 -0.77852345
vn -0.85159075 0.46434140 -0.24326992
vn 0.51163569 0.63522275 -0.57855076
vn 0.51163569 0.63522275 -0.57855076
vn -0.85159075 0.46434140 -0.24326992
vn 0.11411449 0.61715405 0.77852345
vn 0.51163569 0.63522275 -0.57855076
vn 0.51163569 0.63522275 -0.57855076
vn 0.11411449 0.61715405 0.77852345
vn 0.85159075 -0.46434140 0.24326992
vn 0.51163569 0.63522275 -0.57855076
vn 0.51163569 0.63522275 -0.57855076
vn -0.11411449 -0.61715405 -0.77852345
vn -0.51163569 -0.63522275 0.57855076
vn 0.85159075 -0.46434140 0.24326992
vn 0.85159075 -0.46434140 0.24326992
vn -0.11411449 -0.61715405 -0.77852345
vn 0.51163569 0.63522275 -0.57855076
vn 0.85159075 -0.46434140 0.24326992
vn 0.85159075 -0.46434140 0.24326992
vn 0.51163569 0.63522275 -0.57855076
vn 0.11411449 0.61715405 0.77852345
vn 0.85159075 -0.46434140 0.24326992
vn 0.85159075 -0.46434140 0.24326992
vn 0.11411449 0.61715405 0.77852345
vn -0.51163569 -0.63522275 0.57855076
vn 0.85159075 -0.46434140 0.24326992
vn 0.85159075 -0.46434140 0.24326992
vn -0.11411449 -0.61715405 -0.77852345
vn 0.51163569 0.63522275 -0.57855076
vn -0.85159075 0.46434140 -0.24326992
vn -0.85159075 0.46434140 -0.24326992
vn -0.11411449 -0.61715405 -0.77852345
vn -0.51163569 -0.63522275 0.57855076
vn -0.85159075 0.46434140 -0.24326992
vn -0.85159075 0.46434140 -0.24326992
vn -0.51163569 -0.63522275 0.57855076
vn 0.11411449 0.61715405 0.77852345
vn -0.85159075 0.46434140 -0.24326992
vn -0.85159075 0.46434140 -0.24326992
vn 0.11411449 0.61715405 0.77852345
vn 0.51163569 0.63522275 -0.57855076
vn -0.85159075 0.46434140 -0.24326992
vn -0.85159075 0.46434140 -0.24326992
vn 0.51163569 0.63522275 -0.57855076
vn -0.85159075 0.46434140 -0.24326992
vn -0.11411449 -0.61715405 -0.77852345
vn -0.11411449 -0.61715405 -0.77852345
vn 0.51163569 0.63522275 -0.57855076
vn 0.85159075 -0.46434140 0.24326992
vn -0.11411449 -0.61715405 -0.77852345
vn -0.11411449 -0.61715405 -0.77852345
vn 0.85159075 -0.46434140 0.24326992
vn -0.51163569 -0.63522275 0.57855076
vn -0.11411449 -0.61715405 -0.77852345
vn -0.11411449 -0.61715405 -0.77852345
vn -0.51163569 -0.63522275 0.57855076
vn -0.85159075 0.46434140 -0.24326992
vn -0.11411449 -0.61715405 -0.77852345
vn -0.11411449 -0.61715405 -0.77852345
vn -0.11411449 -0.61715405 -0.77852345
vn -0.85159075 0.46434140 -0.24326992
vn -0.51163569 -0.63522275 0.57855076
vn -0.51163569 -0.63522275 0.57855076
vn -0.11411449 -0.61715405 -0.77852345
vn 0.85159075 -0.46434140 0.24326992
vn -0.51163569 -0.63522275 0.57855076
vn -0.51163569 -0.63522275 0.57855076
vn 0.85159075 -0.46434140 0.24326992
vn 0.11411449 0.61715405 0.77852345
vn -0.51163569 -0.63522275 0.57855076
vn -0.51163569 -0.63522275 0.57855076
vn 0.11411449 0.61715405 0.77852345
vn -0.85159075 0.46434140 -0.24326992
vn -0.51163569 -0.63522275 0.57855076
vn -0.51163569 -0.63522275 0.57855076
g cube_cube
usemtl cube
f 1//2 6//28 5//22 2//8
f 1//5 25//122 28//134 4//20
f 2//7 22//107 21//102 3//12
f 2//9 26//125 25//121 1//4
f 3//13 18//88 17//83 4//18
f 3//14 27//129 26//126 2//10
f 4//17 10//48 9//43 1//3
f 4//19 28//133 27//130 3//15
f 5//21 22//106 2//6
f 5//25 45//202 48//214 8//40
f 6//27 9//42 12//56 7//31
f 6//29 46//205 45//201 5//24
f 7//33 14//67 13//62 8//38
f 7//34 47//209 46//206 6//30
f 8//37 23//112 22//108 5//23
f 8//39 48//213 47//210 7//35
f 9//41 6//26 1//1
f 9//45 37//170 40//182 12//60
f 10//47 17//82 20//97 11//52
f 10//49 38//173 37//169 9//44
f 11//53 15//73 14//68 12//58
f 11//54 39//177 38//174 10//50
f 12//57 14//66 7//32
f 12//59 40//181 39//178 11//55
f 13//61 23//111 8//36
f 13//65 41//186 44//198 16//80
f 14//69 42//189 41//185 13//64
f 15//72 20//98 19//92 16//76
f 15//74 43//193 42//190 14//70
f 16//78 24//118 23//113 13//63
f 16//79 44//197 43//194 15//75
f 17//81 10//46 4//16
f 17//85 29//138 32//150 20//100
f 18//87 21//103 24//116 19//91
f 18//89 30//141 29//137 17//84
f 19//93 24//117 16//77
f 19//94 31//145 30//142 18//90
f 20//96 15//71 11//51
f 20//99 32//149 31//146 19//95
f 21//101 18//86 3//11
f 21//105 33//154 36//166 24//120
f 22//109 34//157 33//153 21//104
f 23//114 35//161 34//158 22//110
f 24//119 36//165 35//162 23//115
f 25//124 73//340 76//351 28//135
f 26//127 74//343 73//339 25//123
f 27//132 75//348 74//344 26//128
f 28//136 76//352 75//347 27//131
f 29//140 77//356 80//367 32//151
f 30//143 78//359 77//355 29//139
f 31//148 79//364 78//360 30//144
f 32//152 80//368 79//363 31//147
f 33//156 81//372 84//383 36//167
f 34//159 82//375 81//371 33//155
f 35//164 83//380 82//376 34//160
f 36//168 84//384 83//379 35//163
f 37//172 85//388 88//399 40//183
f 38//175 86//391 85//387 37//171
f 39//180 87//396 86//392 38//176
f 40//184 88//400 87//395 39//179
f 41//188 89//404 92//415 44//199
f 42//191 90//407 89//403 41//187
f 43//196 91//412 90//408 42//192
f 44//200 92//416 91//411 43//195
f 45//204 93//420 96//431 48//215
f 46//207 94//423 93//419 45//203
f 47//212 95//428 94//424 46//208
f 48//216 96//432 95//427 47//211
f 49//217 54//242 57//257
f 49//219 57//259 58//264 52//233
f 49//220 73//337 74//341 50//225
f 50//224 53//238 54//244 49//218
f 50//222 70//322 53//237
f 50//226 74//342 75//345 51//230
f 51//227 66//302 69//317
f 51//228 69//318 70//323 50//223
f 51//231 75//346 76//349 52//235
f 52//232 58//262 65//297
f 52//234 65//299 66//304 51//229
f 52//236 76//350 73//338 49//221
f 53//239 70//324 71//328 56//253
f 53//240 93//417 94//421 54//245
f 54//246 94//422 95//425 55//250
f 55//247 60//272 57//258 54//243
f 55//248 62//282 60//273
f 55//251 95//426 96//429 56//255
f 56//254 61//278 62//283 55//249
f 56//252 71//327 61//277
f 56//256 96//430 93//418 53//241
f 57//260 85//385 86//389 58//265
f 58//266 86//390 87//393 59//270
f 59//267 63//287 68//312
f 59//268 68//313 65//298 58//263
f 59//271 87//394 88//397 60//275
f 60//274 62//284 63//289 59//269
f 60//276 88//398 85//386 57//261
f 61//279 71//329 72//334 64//294
f 61//280 89//401 90//405 62//285
f 62//286 90//406 91//409 63//290
f 63//291 91//410 92//413 64//295
f 64//292 67//308 68//314 63//288
f 64//293 72//333 67//309
f 64//296 92//414 89//402 61//281
f 65//300 77//353 78//357 66//305
f 66//306 78//358 79//361 67//310
f 67//307 72//332 69//319 66//303
f 67//311 79//362 80//365 68//315
f 68//316 80//366 77//354 65//301
f 69//320 81//369 82//373 70//325
f 70//326 82//374 83//377 71//330
f 71//331 83//378 84//381 72//335
f 72//336 84//382 81//370 69//321
